Avocado Prices Report
==============================

Average Price by Region:
region
1.047929
1.085592
1.101243
1.209201
1.212101
1.216006
1.218580
1.224438
1.247929
1.252781
1.261701
1.272219
1.276095
1.286686
1.291331
1.304793
1.313994
1.317722
1.319024
1.337959
1.338550
1.348136
1.364320
1.380917
1.395325
1.398018
1.398166
1.403284
1.404763
1.408846
1.428491
1.430621
1.436509
1.442574
1.445592
1.477396
1.505000
1.506213
1.510947
1.513284
1.516834
1.520325
1.530888
1.534231
1.555118
1.556775
1.561036
1.601923
1.606036
1.621568
1.632130
1.727574
1.804201
1.818639

Price Distribution by Type:
               count      mean       std   min   25%   50%   75%   max
type                                                                  
conventional  9126.0  1.158040  0.263041  0.46  0.98  1.13  1.32  2.22
organic       9123.0  1.653999  0.363502  0.44  1.42  1.63  1.87  3.25

Total Volume Sold per Region per Year:
year                         2015          2016          2017          2018
region                                                                     
Albany               4.029896e+06  5.264336e+06  5.231582e+06  1.541986e+06
Atlanta              2.323170e+07  2.832688e+07  2.881512e+07  8.231422e+06
BaltimoreWashington  4.064558e+07  4.089380e+07  4.101563e+07  1.215890e+07
Boise                3.784357e+06  4.653510e+06  4.760561e+06  1.214760e+06
Boston               2.745499e+07  3.057132e+07  3.061067e+07  8.637006e+06
BuffaloRochester     5.893235e+06  7.205112e+06  7.740306e+06  2.123818e+06
California           3.014074e+08  3.261884e+08  3.176445e+08  8.374131e+07
Charlotte            9.487343e+06  1.058672e+07  1.189559e+07  3.585890e+06
Chicago              4.149472e+07  3.961264e+07  4.098075e+07  1.161423e+07
CincinnatiDayton     1.175618e+07  1.402087e+07  1.514668e+07  3.598287e+06
Columbus             7.849782e+06  9.059467e+06  1.024021e+07  2.843900e+06
DallasFtWorth        6.031131e+07  6.369525e+07  6.624098e+07  1.817175e+07
Denver               3.919034e+07  4.530776e+07  4.255908e+07  1.184535e+07
Detroit              1.797958e+07  1.890746e+07  2.051242e+07  6.022957e+06
GrandRapids          9.740943e+06  9.146872e+06  8.754458e+06  2.569463e+06
GreatLakes           1.693880e+08  1.777400e+08  1.893539e+08  5.316068e+07
HarrisburgScranton   1.163790e+07  1.312482e+07  1.314432e+07  3.901812e+06
HartfordSpringfield  1.516224e+07  1.569795e+07  1.532260e+07  4.487741e+06
Houston              5.538747e+07  5.870479e+07  6.909309e+07  1.998252e+07
Indianapolis         8.189062e+06  9.164454e+06  1.000120e+07  2.908675e+06
Jacksonville         7.176477e+06  9.711836e+06  9.193288e+06  2.708404e+06
LasVegas             1.554243e+07  1.690701e+07  1.743383e+07  4.493632e+06
LosAngeles           1.482207e+08  1.631423e+08  1.584812e+08  3.805238e+07
Louisville           4.289003e+06  5.076329e+06  5.260109e+06  1.471561e+06
MiamiFtLauderdale    2.516651e+07  3.188506e+07  3.088023e+07  9.741421e+06
Midsouth             1.402219e+08  1.542605e+08  1.655536e+08  4.831339e+07
Nashville            8.661916e+06  1.049917e+07  1.293864e+07  3.512353e+06
NewOrleansMobile     1.266431e+07  1.464037e+07  1.432650e+07  4.063961e+06
NewYork              7.060764e+07  7.154656e+07  7.485067e+07  2.372926e+07
Northeast            2.033790e+08  2.189311e+08  2.246473e+08  6.632354e+07
NorthernNewEngland   2.009463e+07  2.214181e+07  2.266029e+07  6.636169e+06
Orlando              1.471958e+07  1.921479e+07  1.881140e+07  5.914939e+06
Philadelphia         2.089222e+07  2.210810e+07  2.227124e+07  6.567237e+06
PhoenixTucson        5.717629e+07  5.928369e+07  6.117053e+07  1.801281e+07
Pittsburgh           4.540000e+06  5.516198e+06  6.848629e+06  1.901520e+06
Plains               8.763879e+07  9.524163e+07  1.002800e+08  2.802807e+07
Portland             2.794346e+07  3.731151e+07  3.689945e+07  8.397790e+06
RaleighGreensboro    1.281733e+07  1.456785e+07  1.602865e+07  4.788895e+06
RichmondNorfolk      1.165108e+07  1.293803e+07  1.364692e+07  3.994823e+06
Roanoke              6.778813e+06  7.686817e+06  8.085612e+06  2.490770e+06
Sacramento           2.198054e+07  2.312303e+07  2.319243e+07  6.867750e+06
SanDiego             2.658573e+07  2.933805e+07  2.719429e+07  6.673850e+06
SanFrancisco         3.944580e+07  4.152963e+07  4.187150e+07  1.298326e+07
Seattle              2.905710e+07  3.718842e+07  3.502757e+07  7.941094e+06
SouthCarolina        1.624587e+07  1.870286e+07  1.996897e+07  5.836081e+06
SouthCentral         2.904546e+08  3.040987e+08  3.254226e+08  9.130371e+07
Southeast            1.600952e+08  1.981215e+08  1.967373e+08  6.028447e+07
Spokane              4.181687e+06  5.006167e+06  5.151528e+06  1.225893e+06
StLouis              9.902575e+06  1.064448e+07  8.988122e+06  2.537660e+06
Syracuse             2.734333e+06  3.429369e+06  3.731978e+06  1.046988e+06
Tampa                1.713160e+07  2.168075e+07  2.055014e+07  6.642055e+06
TotalUS              1.657255e+09  1.819159e+09  1.864694e+09  5.236323e+08
West                 3.046703e+08  3.445773e+08  3.450544e+08  9.247709e+07
WestTexNewMexico     4.152400e+07  4.380743e+07  4.738959e+07  1.180082e+07

